1 2 0 0.
2 7.5 0 0
3 8.8 2.8 0
4 10 4 0.
5 11.5 5.5 0
6 10.75 6.25 0
7 9.25 4.75 0
8 7.7 4 0
9 7.6 6 0
10 8 7.25 0
11 8.5 8.75 0
12 9 10.5 0
13 8 11 0.
14 7.5 9.25 0
15 7 7.5 0
16 6.5 6 0
17 5.5 6 0
18 5.5 8 0
19 5.5 10 0
20 5.5 12 0
21 4.5 12 0
22 4.5 10 0
23 4.5 8 0
24 4.5 6 0
25 4.25 6 0
26 3.75 7.75 0
27 3.25 9.25 0
28 2.75 11 0
29 1.75 10.75 0
30 2.25 9 0
31 2.75 7.5 0
32 3.25 6 0
33 2.6 6 0
34 1.6 7 0
35 0.8 8 0
36 0 9 0.
37 -0.6 8 0
38 0.2 7 0
39 1 6 0.
40 2 5 0.
41 2 0 1.
42 7.5 0 1
43 8.8 2.8 1
44 10 4 1.
45 11.5 5.5 1
46 10.75 6.25 1
47 9.25 4.75 1
48 7.7 4 1
49 7.6 6 1
50 8 7.25 1
51 8.5 8.75 1
52 9 10.5 1
53 8 11 1.
54 7.5 9.25 1
55 7 7.5 1
56 6.5 6 1
57 5.5 6 1
58 5.5 8 1
59 5.5 10 1
60 5.5 12 1
61 4.5 12 1
62 4.5 10 1
63 4.5 8 1
64 4.5 6 1
65 4.25 6 1
66 3.75 7.75 1
67 3.25 9.25 1
68 2.75 11 1
69 1.75 10.75 1
70 2.25 9 1
71 2.75 7.5 1
72 3.25 6 1
73 2.6 6 1
74 1.6 7 1
75 0.8 8 1
76 0 9 1.
77 -0.6 8 1
78 0.2 7 1
79 1 6 1.
80 2 5 1.
81 7.6 6.5 0.5
82 6.5 6.5 0.5
83 8 7.75 0.5
84 7 8 0.5
85 8.5 9.25 0.5
86 7.5 9.75 0.5
87 5.5 6.5 0.5
88 4.5 6.5 0.5
89 5.5 8.5 0.5
90 4.5 8.5 0.5
91 5.5 10.5 0.5
92 4.5 10.5 0.5
93 4.25 6.5 0.5
94 3.25 6.5 0.5
95 3.75 7.75 0.5
96 2.75 7.5 0.5
97 3.25 9.25 0.5
98 2.25 9 0.5
99 1.1 4.5 0.5
100 0.5 3.5 0.5
101 0.1 5.5 0.5
102 -1 4.5 0.5
103 -0.3 6.5 0.5
104 -1.2 4.5 0.5
105 9.3 3.3 0.5
106 8.2 4.5 0.5
107 10.5 4.5 0.5
108 9.75 5.25 0.5

Faces:

1 2 3 8 9 16 17 24 25 32 33 40.
41 42 43 48 49 56 57 64 65 72 73 80.

1 2 42 41 1.
2 3 43 42 2.
3 8 48 43 3.
8 9 49 48 8.
9 16 56 49 9.
16 17 57 56 16.
17 24 64 57 17.
24 25 65 64 24.
25 32 72 65 25.
32 33 73 72 32.
33 40 80 73 33.
40 1 41 80 40.

3 4 7 8.
43 44 47 48.
3 8 48 43 3.
3 4 44 43 3.
4 7 47 44 4.
7 8 48 47 7.

4 5 6 7.
44 45 46 47.
4 7 47 44 4.
4 5 45 44 4.
5 6 46 45 5.
6 7  47 46 6.

9 10 15 16.
49 50 55 56.
9 16 56 49 9.
9 10 50 49 9.
10 15 55 50 10.
15 16 56 55 15.

10 11 14 15.
50 51 54 55.
10 15 55 50 10.
10 11 51 50 10.
11 14 54 51 11.
14 15 55 54 14.

11 12 13 14.
51 52 53 54.
11 14 54 51 11.
11 12 52 51 11.
12 13 53 52 12.
13 14 54 53 13.

17 18 23 24.
57 58 63 64.
17 24 64 57 17.
17 18 58 57 17.
18 23 63 58 18.
23 24 64 63 23.

18 19 22 23.
58 59 62 63.
18 23 63 58 18.
18 19 59 58 18.
19 22 62 59 19.
22 23 63 62 22.

19 20 21 22.
59 60 61 62.
19 22 62 59 19.
19 20 60 59 19.
20 21 61 60 20.
21 22 62 61 21. 

25 26 31 32.
65 66 71 72.
25 32 72 65 25.
25 26 66 65 25.
26 31 71 66 26.
31 32 72 71 31.

26 27 30 31.
66 67 70 71.
26 31 71 66 26.
26 27 67 66 26.
27 30 70 67 27.
30 31  71 70 30.

27 28 29 30.
67 68 69 70.
27 30 70 67 27.
27 28 68 67 27.
28 29 69 68 28.
29 30 70 69 29.

33 34 39 40.
73 74 79 80.
33 40 80 73 33.
33 34 74 73 33.
34 39 79 74 34.
39 40 80 79 39.

34 35 38 39.
74 75 78 79.
34 39 79 74 34.
34 35 75 74 34.
35 38 78 75 35.
38 39 79 78 38.

35 36 37 38.
75 76 77 78.
35 38 78 75 35.
35 36 76 75 35.
36 37 77 76 36.
37 38 78 77 37.