1 2 0 0.
2 7.5 0 0.
3 9 3 0.
4 10 4 0.
5 11.5 5.5 0.
6 10.75 6.25 0.
7 9.25 4.75 0.
8 7.5 3 0.
9 7.5 6 0.
10 8 7.25 0.
11 8.5 8.75 0.
12 9 10.5 0.
13 8 11 0.
14 7.5 9.25 0.
15 7 7.5 0.
16 6.5 6 0.
17 5.5 6 0.
18 5.5 8 0.
19 5.5 10 0.
20 5.5 12 0.
21 4.5 12 0.
22 4.5 10 0.
23 4.5 8 0.
24 4.5 6 0.
25 4.25 6 0.
26 3.75 7.75 0.
27 3.25 9.25 0.
28 2.75 11 0.
29 1.75 10.75 0.
30 2.25 9 0.
31 2.75 7.5 0.
32 3.25 6 0.
33 2.6 6 0.
34 2 7.25 0.
35 1.5 8.1 0.
36 1 9 0.
37 0.25 8.4 0.
38 0.6 7.5 0.
39 1 6.75 0.
40 2 5 0.
Faces:
1 2 3 8 9 16 17 24 25 32 33 40.
3 4 7 8.
4 5 6 7.
9 10 15 16.
10 11 14 15.
11 12 13 14.
17 18 23 24.
18 19 22 23.
19 20 21 22.
25 26 31 32.
26 27 30 31.
27 28 29 30.
33 34 39 40.
34 35 38 39.
35 36 37 38.
