1 2 0 0.
2 7.5 0 0

101 8.8 2.8 0
102 10 4 0.
105 11.5 5.5 0
106 10.75 6.25 0
103 9.25 4.75 0
104 7.7 4 0

201 7.6 6 0
202 8 7.25 0
205 8.5 8.75 0
207 9 10.5 0
208 8 11 0.
206 7.5 9.25 0
203 7 7.5 0
204 6.5 6 0

301 5.5 6 0
302 5.5 8 0
305 5.5 10 0
307 5.5 12 0
308 4.5 12 0
306 4.5 10 0
303 4.5 8 0
304 4.5 6 0

401 4.25 6 0
402 3.75 7.75 0
405 3.25 9.25 0
407 2.75 11 0
408 1.75 10.75 0
406 2.25 9 0
403 2.75 7.5 0
404 3.25 6 0

501 2.6 6 0
502 1.6 7 0
505 0.8 8 0
507 0 9 0.
508 -0.6 8 0
506 0.2 7 0
503 1 6 0.
504 2 5 0.

3 2 0 1.
4 7.5 0 1

601 8.8 2.8 1
602 10 4 1.
605 11.5 5.5 1
606 10.75 6.25 1
603 9.25 4.75 1
604 7.7 4 1

701 7.6 6 1
702 8 7.25 1
705 8.5 8.75 1
707 9 10.5 1
708 8 11 1.
706 7.5 9.25 1
703 7 7.5 1
704 6.5 6 1

801 5.5 6 1
802 5.5 8 1
805 5.5 10 1
807 5.5 12 1
808 4.5 12 1
806 4.5 10 1
803 4.5 8 1
804 4.5 6 1

901 4.25 6 1
902 3.75 7.75 1
905 3.25 9.25 1
907 2.75 11 1
908 1.75 10.75 1
906 2.25 9 1
903 2.75 7.5 1
904 3.25 6 1

1001 2.6 6 1
1002 1.6 7 1
1005 0.8 8 1
1007 0 9 1.
1008 -0.6 8 1
1006 0.2 7 1
1003 1 6 1.
1004 2 5 1.



10 7.6 6.5 0.5
11 6.5 6.5 0.5

12 8 7.75 0.5
13 7 8 0.5

14 8.5 9.25 0.5
15 7.5 9.75 0.5

16 5.5 6.5 0.5
17 4.5 6.5 0.5

18 5.5 8.5 0.5
19 4.5 8.5 0.5

20 5.5 10.5 0.5
21 4.5 10.5 0.5

22 4.25 6.5 0.5
23 3.25 6.5 0.5

24 3.75 8.25 0.5
25 2.75 8 0.5

26 3.25 9.75 0.5
27 2.25 9.5 0.5

28 3.1 6.5 0.5
29 2.5 5.5 0.5

30 2.1 7.5 0.5
31 1.5 6.5 0.5

32 1.3 8.5 0.5
33 0.7 7.5 0.5

34 9.3 3.3 0.5
35 8.2 4.5 0.5

36 10.5 4.5 0.5
37 9.75 5.25 0.5

50 9.5 11 0.5
60 8.5 11.5 0.5

Faces:

1 2 101 104 201 204 301 304 401 404 501 504.
3 4 601 604 701 704 801 804 901 904 1001 1004.

1 2 4 3 1.
2 101 601 4 2.
101 104 604 601 101.
104 201 701 604 104.
201 204 704 701 201.
204 301 801 704 204.
301 304 804 801 301.
304 401 901 804 304.
401 404 904 901 401.
404 501 1001 904 404.
501 504 1004 1001 501.
504 1 3 1004 504.

101 102 103 104.
601 602 603 604.
101 104 604 601 101.
101 102 602 601 101.
102 103 603 602 102.
103 104 604 603 103.

102 105 106 103.
602 605 606 603.
102 103 603 602 102.
102 105 605 602 102.
105 106 606 605 105.
106 103 603 606 106.


201 202 203 204.
701 702 703 704.
201 204 704 701 201.
201 202 702 701 201.
202 203 703 702 202.
203 204 704 703 203.

202 205 206 203.
702 705 706 703.
202 203 703 702 202.
202 205 705 702 202.
205 206 706 705 205.
206 203 703 706 206.

205 207 208 206.
705 707 708 706.
205 206 706 705 205.
205 207 707 705 205.
207 208 708 707 207.
208 206 706 708 208. 


301 302 303 304.
801 802 803 804.
301 304 804 801 301.
301 302 802 801 301.
302 303 803 802 302.
303 304 804 803 303.

302 305 306 303.
802 805 806 803.
302 303 803 802 302.
302 305 805 802 302.
305 306 806 805 305.
306 303 803 806 306.

305 307 308 306.
805 807 808 806.
305 306 806 805 305.
305 307 807 805 305.
307 308 808 807 307.
308 306 806 808 308. 


401 402 403 404.
901 902 903 904.
401 404 904 901 401.
401 402 902 901 401.
402 403 903 902 402.
403 404 904 903 403.

402 405 406 403.
902 905 906 903.
402 403 903 902 402.
402 405 905 902 402.
405 406 906 905 405.
406 403 903 906 406.

405 407 408 406.
905 907 908 906.
405 406 906 905 405.
405 407 907 905 405.
407 408 908 907 407.
408 406 906 908 408. 


501 502 503 504.
1001 1002 1003 1004.
501 504 1004 1001 501.
501 502 1002 1001 501.
502 503 1003 1002 502.
503 504 1004 1003 503.

502 505 506 503.
1002 1005 1006 1003.
502 503 1003 1002 502.
502 505 1005 1002 502.
505 506 1006 1005 505.
506 503 1003 1006 506.

505 507 508 506.
1005 1007 1008 1006.
505 506 1006 1005 505.
505 507 1007 1005 505.
507 508 1008 1007 507.
508 506 1006 1008 508.